# A tibble: 10 x 11
   Modelo chisq  npar   cfi   tli  rmsea rmsea.conf.high   srmr   aic   bic estimator
   <chr>  <dbl> <dbl> <dbl> <dbl>  <dbl>           <dbl>  <dbl> <dbl> <dbl> <chr>    
 1 1       498.    59 0.873 0.823 0.0921          0.101  0.0746 8146. 8373. ML       
 2 2       461.    60 0.885 0.839 0.0879          0.0966 0.0624 8111. 8342. ML       
 3 3       402.    61 0.905 0.866 0.0803          0.0891 0.0598 8054. 8289. ML       
 4 4       373.    62 0.914 0.878 0.0764          0.0854 0.0547 8027. 8266. ML       
 5 5       311.    63 0.935 0.907 0.0668          0.0760 0.0535 7967. 8210. ML       
 6 6       292.    64 0.941 0.915 0.0638          0.0731 0.0405 7950. 8197. ML       
 7 7       253.    65 0.955 0.934 0.0564          0.0661 0.0386 7913. 8163. ML       
 8 8       252.    46 0.958 0.946 0.0523          0.0618 0.0402 7879. 8056. ML       
 9 9       233.    47 0.964 0.954 0.0486          0.0584 0.0400 7863. 8044. ML       
10 10      205.    42 0.968 0.960 0.0483          0.0588 0.0422 7859. 8021. ML       
