
# TABLA COMPARATIVA DE TODOS LOS MODELOS

# A tibble: 9 x 11
  Modelo chisq  npar   cfi   tli  rmsea rmsea.conf.high   srmr    aic    bic estimator
  <chr>  <dbl> <dbl> <dbl> <dbl>  <dbl>           <dbl>  <dbl>  <dbl>  <dbl> <chr>    
1 1       978.    79 0.666 0.554 0.109           0.116  0.143  11621. 11925. ML       
2 2       871.    80 0.711 0.612 0.102           0.109  0.125  11516. 11824. ML       
3 3       770.    82 0.753 0.665 0.0946          0.102  0.0890 11420. 11735. ML       
4 4       670.    83 0.795 0.720 0.0864          0.0935 0.0795 11322. 11641. ML       
5 5       603.    85 0.823 0.756 0.0808          0.0880 0.0777 11258. 11585. ML       
6 6       612.    58 0.824 0.786 0.0781          0.0851 0.0848 11223. 11446. ML       
7 7       562.    60 0.845 0.809 0.0737          0.0809 0.0655 11176. 11407. ML       
8 8       468.    57 0.879 0.851 0.0671          0.0746 0.0621 11105. 11324. ML       
9 9       435.    58 0.892 0.867 0.0634          0.0711 0.0594 11075. 11298. ML       
