# A tibble: 7 x 11
  Modelo chisq  npar   cfi   tli  rmsea rmsea.conf.high   srmr    aic    bic estimator
  <chr>  <dbl> <dbl> <dbl> <dbl>  <dbl>           <dbl>  <dbl>  <dbl>  <dbl> <chr>    
1 1       912.    82 0.726 0.647 0.0915          0.0978 0.103  11189. 11505. ML       
2 2       780.    83 0.779 0.714 0.0824          0.0888 0.0942 11059. 11378. ML       
3 3       716.    84 0.804 0.746 0.0777          0.0842 0.0706 10997. 11320. ML       
4 4       657.    85 0.828 0.775 0.0730          0.0796 0.0548 10940. 11267. ML       
5 5       647.    64 0.834 0.799 0.0708          0.0773 0.0570 10904. 11150. ML       
6 6       603.    65 0.851 0.820 0.0670          0.0737 0.0567 10861. 11112. ML       
7 7       559.    66 0.869 0.840 0.0632          0.0699 0.0549 10820. 11074. ML       
