

CORRELACION


             CinSeg      ComVrb         Ans    ComAfec      PrPers        AmbT        StrC      ConsCl
CinSeg   1.00000000  0.02124130 -0.06006298 -0.1430519 -0.20170076 -0.23519068 -0.15421653 -0.08814117
ComVrb   0.02124130  1.00000000 -0.19741495 -0.4347538 -0.18366002 -0.08344682 -0.12128224 -0.21499338
Ans     -0.06006298 -0.19741495  1.00000000  0.5731985  0.26298874  0.18434049  0.50459647  0.41803095
ComAfec -0.14305192 -0.43475379  0.57319850  1.0000000  0.38472252  0.30394476  0.38897050  0.56062727
PrPers  -0.20170076 -0.18366002  0.26298874  0.3847225  1.00000000  0.70979812  0.23311515  0.42675134
AmbT    -0.23519068 -0.08344682  0.18434049  0.3039448  0.70979812  1.00000000  0.23018226  0.36482991
StrC    -0.15421653 -0.12128224  0.50459647  0.3889705  0.23311515  0.23018226  1.00000000  0.33780168
ConsCl  -0.08814117 -0.21499338  0.41803095  0.5606273  0.42675134  0.36482991  0.33780168  1.00000000
FRbr    -0.13575172 -0.20836271  0.29835568  0.3118705  0.21600405  0.13826600  0.39712395  0.32336403
UsDirec  0.27663052 -0.10143529 -0.14468062 -0.1740097 -0.14289701 -0.20716905 -0.32154889 -0.20951266
EnfCond -0.03890821 -0.22919873  0.26842139  0.3007771  0.20215977  0.16754170  0.29094937  0.28108222
AFrSem  -0.12612590 -0.25585535  0.36757749  0.3299620  0.31840230  0.20677455  0.37471122  0.33568490
CulFr   -0.10984753 -0.38315710 -0.02945846  0.1707349  0.19539343  0.08027211  0.12864900  0.18769141
OmLmVel -0.15562703 -0.18462818  0.27762667  0.3507876  0.25973720  0.23228614  0.20829520  0.31624414
IgPare  -0.17842165 -0.19446190  0.28568466  0.2871608  0.24866795  0.15949259  0.24584014  0.33341998
UsoCel  -0.08453563 -0.07087422  0.10011157  0.1670377  0.07164691  0.04192986  0.09385781  0.29785866
               FRbr     UsDirec     EnfCond      AFrSem       CulFr     OmLmVel      IgPare      UsoCel
CinSeg  -0.13575172  0.27663052 -0.03890821 -0.12612590 -0.10984753 -0.15562703 -0.17842165 -0.08453563
ComVrb  -0.20836271 -0.10143529 -0.22919873 -0.25585535 -0.38315710 -0.18462818 -0.19446190 -0.07087422
Ans      0.29835568 -0.14468062  0.26842139  0.36757749 -0.02945846  0.27762667  0.28568466  0.10011157
ComAfec  0.31187050 -0.17400967  0.30077709  0.32996198  0.17073494  0.35078757  0.28716078  0.16703766
PrPers   0.21600405 -0.14289701  0.20215977  0.31840230  0.19539343  0.25973720  0.24866795  0.07164691
AmbT     0.13826600 -0.20716905  0.16754170  0.20677455  0.08027211  0.23228614  0.15949259  0.04192986
StrC     0.39712395 -0.32154889  0.29094937  0.37471122  0.12864900  0.20829520  0.24584014  0.09385781
ConsCl   0.32336403 -0.20951266  0.28108222  0.33568490  0.18769141  0.31624414  0.33341998  0.29785866
FRbr     1.00000000 -0.04851238  0.61033292  0.78536938  0.43916987  0.46988389  0.61442872  0.37259784
UsDirec -0.04851238  1.00000000  0.10429972 -0.01940448  0.06081703 -0.01772914  0.04211875  0.06101033
EnfCond  0.61033292  0.10429972  1.00000000  0.68437869  0.42297018  0.53474468  0.66084087  0.38728684
AFrSem   0.78536938 -0.01940448  0.68437869  1.00000000  0.43840077  0.54284702  0.68173374  0.34589258
CulFr    0.43916987  0.06081703  0.42297018  0.43840077  1.00000000  0.30702184  0.37690219  0.22267977
OmLmVel  0.46988389 -0.01772914  0.53474468  0.54284702  0.30702184  1.00000000  0.65888779  0.35256864
IgPare   0.61442872  0.04211875  0.66084087  0.68173374  0.37690219  0.65888779  1.00000000  0.39743219
UsoCel   0.37259784  0.06101033  0.38728684  0.34589258  0.22267977  0.35256864  0.39743219  1.00000000

DETERMINANTE DE LA MATRIZ DE CORRELACION
[1] 0.0009147303


TEST DE ESFERICIDAD DE BARTLET
$chisq
[1] 2384.77

$p.value
[1] 0

$df
[1] 120


INDICE KMO

Kaiser-Meyer-Olkin factor adequacy
Call: KMO(r = Rcor)
Overall MSA =  0.83
MSA for each item = 
 CinSeg  ComVrb     Ans ComAfec  PrPers    AmbT    StrC  ConsCl    FRbr UsDirec EnfCond  AFrSem   CulFr 
   0.71    0.73    0.79    0.81    0.74    0.69    0.84    0.87    0.87    0.64    0.90    0.86    0.82 
OmLmVel  IgPare  UsoCel 
   0.90    0.89    0.88 


ANALISIS DE COMPONENTES PRINCIPALES

Importance of components:
                          Comp.1    Comp.2     Comp.3     Comp.4     Comp.5     Comp.6     Comp.7
Standard deviation     2.3196560 1.4510274 1.13490048 1.11901881 1.00903110 0.93405000 0.87057240
Proportion of Variance 0.3363002 0.1315925 0.08049994 0.07826269 0.06363399 0.05452809 0.04736852
Cumulative Proportion  0.3363002 0.4678928 0.54839272 0.62665542 0.69028940 0.74481749 0.79218601
                           Comp.8     Comp.9    Comp.10    Comp.11    Comp.12    Comp.13    Comp.14
Standard deviation     0.78210044 0.69294162 0.67431495 0.61690953 0.60576948 0.57953162 0.52553689
Proportion of Variance 0.03823007 0.03001051 0.02841879 0.02378609 0.02293479 0.02099106 0.01726181
Cumulative Proportion  0.83041608 0.86042658 0.88884538 0.91263146 0.93556625 0.95655731 0.97381912
                          Comp.15    Comp.16
Standard deviation     0.48910125 0.42387971
Proportion of Variance 0.01495125 0.01122963
Cumulative Proportion  0.98877037 1.00000000
       Comp.1      Comp.2     Comp.3       Comp.4      Comp.5      Comp.6      Comp.7      Comp.8
1  -4.7348695 -1.52191048 -1.3500897 -0.005963536 -0.06072580  0.59416530 -1.84176438 -0.07211167
2  -1.0658213 -4.55378326 -0.6157848  1.724963356  0.62464137  0.01348868 -2.93708201 -0.46619275
3  -0.1703446 -2.78755528 -2.1708960  2.428133528 -1.25485495 -0.56699338 -1.38628626  0.92845159
4  -4.9016941  1.01057148 -0.6609388 -1.259192670 -1.19453372 -1.28485153 -1.12654282  2.26001814
5  -4.8051006  0.09157823 -2.1122359 -0.890450695  1.58851568 -3.70150163  1.07517746  0.14508943
6  -4.5020408 -0.83974875  0.2411806  0.203260364  0.36116632 -1.64270036  0.19850331  3.21752720
7   1.4160406  0.48621727  0.2059475  1.455295629 -1.18228631 -0.29551698 -0.13764938  1.64555974
8  -2.1950918 -5.45293618 -0.5134868  2.350555409  2.80183138 -0.39704673 -0.04304486  2.01626162
9  -3.6149684 -0.98255458 -2.8039408  0.703176872  0.09459346 -0.13641252 -0.11182789  0.20606325
10 -3.9961061  0.90129074  1.1470492  0.120923991 -1.28343725  1.75036266 -0.78968046  1.43394885
       Comp.9     Comp.10     Comp.11    Comp.12    Comp.13    Comp.14     Comp.15     Comp.16
1   0.5039209  0.48371704  0.51177531 -1.2275565 -0.1368493  0.5247147  0.24247489 -0.32602648
2   1.4788016 -0.20417642  0.62233892  0.1002099  0.7832086 -0.6241053 -0.02211084 -0.29688133
3   1.5285682 -0.17715316  0.01000599  0.2114579  0.7513064 -1.3856203  0.46724798  0.04320069
4  -0.8483640 -2.03145243  0.21954792 -0.4679731  0.9515277 -0.3913336 -0.50131377  0.13980019
5  -1.2448331  0.13879522 -0.96822842 -0.5020617  0.4815503  0.4251458 -0.31949281  0.37003184
6   0.9534264 -0.06374185  0.72871167 -1.5531523 -1.5759624 -0.1666387 -0.23781704  0.83732317
7   0.5926672 -1.28473478  0.85892364  0.5718033  0.1932099 -0.7467031 -0.48704728 -0.12125008
8   0.2576314 -0.90117308 -0.12676496  1.4715209  0.8989377 -0.3586046 -1.29300447 -0.44695840
9  -0.6443216  1.00062749 -1.81411603 -0.4845808 -0.1057539 -0.7005527  1.15106879  0.26701462
10  0.2027050  0.67956578  0.78090574 -0.3632961 -1.1271671  0.2611062 -0.49269129  0.24985695


ANALISIS FACTORIAL
Call:
factanal(x = DBConjunta, factors = 5, rotation = "varimax", na.rm = TRUE)

Uniquenesses:
 CinSeg  ComVrb     Ans ComAfec  PrPers    AmbT    StrC  ConsCl    FRbr UsDirec EnfCond  AFrSem   CulFr 
  0.914   0.479   0.417   0.243   0.312   0.237   0.530   0.555   0.242   0.789   0.385   0.187   0.528 
OmLmVel  IgPare  UsoCel 
  0.415   0.245   0.764 

FACTORES
Loadings:
        Factor1 Factor2 Factor3 Factor4 Factor5
CinSeg                                         
ComVrb                          -0.698         
Ans              0.721                         
ComAfec          0.655           0.457         
PrPers                   0.780                 
AmbT                     0.861                 
StrC             0.591                         
ConsCl           0.460                         
FRbr     0.686                           0.443 
UsDirec                                        
EnfCond  0.735                                 
AFrSem   0.748                           0.379 
CulFr    0.410                   0.464         
OmLmVel  0.701                                 
IgPare   0.848                                 
UsoCel   0.478                                 

               Factor1 Factor2 Factor3 Factor4 Factor5
SS loadings      3.422   1.889   1.760   1.122   0.567
Proportion Var   0.214   0.118   0.110   0.070   0.035
Cumulative Var   0.214   0.332   0.442   0.512   0.548

Test of the hypothesis that 5 factors are sufficient.
The chi square statistic is 143.22 on 50 degrees of freedom.
The p-value is 6.31e-11 


        Factor1      Factor2     Factor3      Factor4      Factor5
1    1.26231110  0.995088708  1.86673422  0.208754821 -0.335930459
2   -1.29261580  1.225882252  2.72877921  0.358113071 -1.598784282
3   -1.08508057 -0.597741636  2.46708097  1.002214843 -1.023043037
4    2.27149450  0.815434610 -0.47867375  0.472462787 -1.089122391
5    1.92042676  0.493806954  0.92669999 -0.033762820 -1.058011574
6    1.51476879  0.870307543  0.72805777  0.831275408 -2.060857681
7   -0.55251132 -0.870361369 -0.39351801  0.935271141 -0.735544614
8   -1.07006237  1.198944248  3.52690774  0.260488647 -2.137543464
9    1.17469235 -0.414212592  2.39531396  0.053893127  0.152468635
10   1.67218989  0.646075266 -0.28286143  0.965890371  0.672362300
11   0.83035642  0.269966677  1.60550605  0.165926090 -1.156672700
12   2.14048244 -0.286488569 -0.03555243 -0.618031668  1.419739297
13   1.76267769  2.556753061 -1.03228817  1.503917828  0.524812948
14   1.85733145 -0.284375041 -0.61921624 -0.317024214  0.090094852
15  -0.91606154  1.466634447 -0.76635925  1.633140491 -2.241316708
16   3.48956270  0.936766821 -0.80818239 -0.173579063  1.114852958
17   0.76865774  0.126481590  3.32009195  0.274024528 -0.014103989
18   1.17130312  2.088514156  4.38612754  1.548385997  0.381568920
19   2.55209526  2.319962996  0.71955449  1.633103755 -1.153479653
20   1.99135547  1.383690982 -0.08426175 -0.041254808 -0.038140177
21   1.16556526  0.724108301  1.97840975  0.242081577 -1.006610586
22   0.39315286  1.753900241 -0.81546566  1.816095250 -0.911882088
23   1.84006214  0.039949281  2.87406396 -0.156566876 -0.376944456
24   1.28301092  1.536222392  4.56273144  0.845127272  0.630373922
25   0.84377011  0.309972288  0.60437525  0.012749694  0.424892710
26   1.82094624  2.796202230  1.08147571  1.287510238  0.113802698
27   0.07300881 -0.087178328 -0.63121890 -0.062740485  1.714696827
28   1.05002568 -0.835101011 -0.47861080  0.054460773 -0.732595760
29   0.40512759 -0.753638202 -0.61163871  0.691611631 -0.229682209
30  -0.72332166  2.031701946 -0.76151814  0.199835270  1.815299555
31  -1.25072693  0.052440703  0.79799611 -0.586632087 -0.357449254
32  -0.07549488  0.468254202  1.69442509  1.010246745 -0.544801421
33  -0.73631656 -0.433576476 -0.47394618  1.038749621  1.055814120
34   1.85956246  0.808886039 -0.66118169 -0.306785652  3.602451062
35  -1.25855477  2.628413026 -0.90261771 -0.419860721 -1.363975976
36  -1.08897276  0.169429425  1.09114386 -1.353988467  0.961129792
37   0.41731213 -0.916502741 -0.59936974  0.975899287 -0.102746899
38  -0.79133995  2.206933212 -0.34491553 -0.220197834  1.954536100
39  -1.03463485  1.139638584  0.52453610  1.412405455  0.201014625
40  -0.65555965  0.457715342 -0.02771423  1.317206037  1.649405185
41   0.59251862 -0.494197505  0.10606254  0.368166591  0.377170120
42  -0.45468656 -0.797200906  0.76711809  1.362543395  1.308117428
43  -0.03689301  1.332423595 -0.58790312 -0.557600274  1.979737461
44  -0.98724645 -0.453458493 -0.37277792 -0.224022626 -0.098785675
45   0.74503909 -0.477303274 -0.47193663  0.322926588  1.108145177
46  -1.12124845 -0.459086737  0.42035960 -0.445920528 -0.009529295
47   0.58731477 -0.565442238 -0.48175118 -0.694348647 -0.239157543
48   0.50519511  0.052580498 -0.67215690 -0.273877198 -0.193438641
49  -1.25072693  0.052440703  0.79799611 -0.586632087 -0.357449254
50   0.34499658  0.223729515 -0.74093969  0.660517454 -0.659781978
51   0.68800295  0.643088358  0.39552431  0.696913581  0.695946582
52   0.37999279 -0.297760404 -0.35897410 -0.389161860 -0.025886056
53   0.55848235  0.949925777  4.60814064  0.516865670  0.344426934
54   0.52397617 -0.164738734 -0.60510113 -0.476885862 -0.314717615
55  -0.89216604  1.097489013  0.47526826  1.897733784  0.223510367
56   0.41640483  0.273919189 -0.83687213  0.998635686 -0.123644433
57  -1.23635621 -0.252923900  1.15985340 -1.135542692 -0.241879437
58   0.92711435  0.462918240 -0.79978766  0.490947730  0.700739542
59   1.50478910 -0.795248096  0.20349026 -0.226811733  0.574944610
60  -1.44719620  1.290936069 -0.58829616  0.133909044 -0.365425707
61   0.60711750 -0.276473313  0.07319435 -0.145987268 -0.216457206
62   0.47829545 -0.324811490 -0.53333224 -0.473664546 -0.032141393
63   0.60435834  0.597571658 -0.82649553 -0.411276321  0.262401166
64   0.46521120 -0.410199034 -0.65326738  1.056156958 -0.540654940
65   0.42899012  0.351017936 -0.73558118  0.169258832  3.292315326
66  -1.21427061 -0.739639967  1.12281366 -0.119626261 -0.053375885
67  -0.33543203 -0.118541944  1.92065562  0.228007707  2.236820082
68   0.79701942  0.388084088 -0.84517600 -0.162339538  0.217862123
69  -1.34376649  1.772713876 -0.65629608  0.345082735 -1.130318483
70  -0.81688859  0.514125604 -0.46156447 -0.240217763  1.334106340
71  -1.01161553 -0.127729415 -0.39731585 -0.792597938 -0.352656295
72  -0.86451847  0.040779130 -0.39995659 -0.199429492 -0.707681905
73   0.57875885 -0.657998739  0.66900105  0.472565988  1.242761688
74   0.62300548  0.267228661 -0.65519898 -0.957553737  0.421329581
75   0.60856973  0.540353341 -0.78491677  1.249162028 -0.003504720
76  -1.08968648  0.157762667 -0.32106055 -0.492893250 -0.452839209
77  -1.13842666  0.560653828 -0.53977497 -0.700941123 -0.223569049
78  -1.60196815  0.361663641  0.79687592  2.011677509 -0.313502648
79   0.47268818 -0.039923535 -0.61194133 -0.318404175  0.016865012
80   0.46050364  0.122941005 -0.62421030 -0.602691831 -0.110070298
81  -0.67959567  0.096013544 -0.52065186 -0.502774194  1.069660615
82   1.09731703 -0.267440791 -0.34376564 -1.047405663 -0.779844221
83  -1.07834004 -0.547556475 -0.43772168  0.468957512 -0.094048008
84   0.36599519 -0.833024614  0.80443885 -0.359355510 -0.166021598
85   0.42858937  0.111054650 -0.82460317  1.282923342  0.003290877
86  -1.27203856 -0.433361131  0.89430294 -0.014835459  0.178997587
87   1.91504010  0.443177731  2.30992173 -0.177642298  0.853062605
88  -1.18361855  0.488136577  0.25672864 -1.168478044 -0.204417405
89  -1.21332031  0.622040398  0.38623790 -1.354569296 -0.131355388
90   0.58731477 -0.565442238 -0.48175118 -0.694348647 -0.239157543
91   0.11624776 -0.310443951  0.42539013 -0.388215413  1.372290887
92   0.54866338  0.332240117 -0.58471843 -0.874968181  0.683736694
93   0.58731477 -0.565442238 -0.48175118 -0.694348647 -0.239157543
94   1.02739434  0.478541167 -0.18892561  0.865386984  2.212192138
95   0.48299633  0.110186251 -0.51441766 -1.025078031 -0.181614645
96  -1.10270912 -0.221827397 -0.46225962 -0.099617800 -0.347918628
97   0.57758799  0.370620452 -0.59068394 -0.360803643  1.389852177
98   0.59949931 -0.728306777 -0.46948221 -0.410060991 -0.112222234
99   0.50605043  0.169989996 -0.59173842 -0.949181900 -0.112439131
100  0.78465338  3.091913355  0.11961566  2.153568619  0.682728645
101  0.37817973 -0.995889153  0.81670782 -0.075067854 -0.039086288
102 -1.12014603  0.200456838  0.27583781 -1.042672075 -0.409064721
103 -0.45242456 -0.240620777 -0.33290926 -0.957062035 -1.123457045
104 -1.05259394 -0.690455191 -0.32504925  0.668004967  0.038213417
105 -1.52875239  1.030291496  0.96740043  0.313322821 -0.208118344
106  0.50840572 -0.822404759 -0.53442598  0.282919148 -0.107484566
107 -0.66698777  1.043352461 -0.65050395 -0.077713288 -1.624379218
108  0.33198039 -0.483679111  0.94073897 -0.505491562  0.220621770
109  0.58731477 -0.565442238 -0.48175118 -0.694348647 -0.239157543
110  0.68929003 -0.488109906 -0.45628006 -0.285302656 -0.484348448
111 -1.03279324 -0.500507484 -0.40524980  0.122467443 -0.096416841
112  0.69904295  0.191306906 -0.48314386 -1.186345691 -0.395783548
113  0.73006245  3.824155028  0.30412651  1.821270510 -1.037727997
114 -1.17901640 -0.152807901  0.19184888 -0.341129726  0.222844177
115  0.43288258 -0.258836717 -0.67004489  0.216094277 -0.309979948
116 -0.60650185  0.040516484  0.30777252 -0.860646102 -1.177496638
117  0.45087717 -0.029920680 -0.34224530 -1.107096917  0.106287692
118 -0.16814820 -0.290589499 -0.27892996 -1.095328548 -1.375342460
119 -1.01161553 -0.127729415 -0.39731585 -0.792597938 -0.352656295
120  0.46285893 -0.869453750 -0.56689786  0.629409217 -0.105115733
121 -0.21403770  0.020109721  0.13232236 -0.235689617  1.821360842
122 -0.42969286  0.489589736  0.04496085 -0.493626818  2.227431469
123 -0.99805397 -0.107763591 -0.29691239 -0.877838140 -0.347330180
124  0.03751739 -0.126514969 -0.23289232 -1.064639217 -0.040742371
125 -0.24015126 -0.429253054 -0.41958860 -0.299385918  0.721391354
126  0.52657219 -0.142753177 -0.02067313  1.223389754  0.809958614
127  0.37349726 -0.806189629  0.28526837  0.138834508 -0.205204450
128  0.45067439 -0.706589211 -0.57916683  0.345121561 -0.232051043
129  0.65319532  0.814642442  0.44267381  1.097469320  0.528027767
130 -1.18738832 -0.348262800  0.92134606 -0.804094871 -0.281889183
131  0.46285893 -0.869453750 -0.56689786  0.629409217 -0.105115733
132 -1.11835137  0.273888322 -0.38731923 -1.019254957 -0.080273076
133 -1.31134676  0.942252915 -0.05603959 -0.146968026 -0.524124446
134  0.50840572 -0.822404759 -0.53442598  0.282919148 -0.107484566
135  0.49607567 -0.827886236  1.03083756 -0.954117788 -0.281853764
136  0.59949931 -0.728306777 -0.46948221 -0.410060991 -0.112222234
137  0.65681189  1.553229262  1.10754670 -0.377488925  0.316410116
138 -1.01161553 -0.127729415 -0.39731585 -0.792597938 -0.352656295
139 -1.02940734  0.320023080 -0.48819392 -0.921625223 -0.430585200
140 -1.31476786  1.084640806  0.21493963 -0.824905916 -0.486483534
141  0.16301219  0.712202081 -0.63390569  0.594259253 -0.311967910
142 -0.83875514 -0.527164691 -0.33579577  0.001876367 -0.262565080
143 -1.12388683 -0.594605467 -0.47019357  0.815447582 -0.091679174
144  0.28238576  0.035623151  0.65413786  0.969698410 -0.718104383
145  0.47592007 -0.992365683  0.28206261  0.405446727 -0.164006317
146 -0.94341029 -0.641228497 -0.50114300  0.780096708 -0.263153528
147  0.43744953  0.063137260 -0.54688954 -0.678587962 -0.179245811
148  1.20869815 -0.658527316 -0.39510052 -0.154304225  1.038684434
149  0.40548250 -0.779106461  0.21733678 -0.122415360 -0.212899398
150 -0.54382236 -0.479472545  0.75363258  0.418379924  2.121645088
151  0.42337162 -0.923371903  0.02020420  0.392469067 -0.058237933
152 -0.02472950  0.008319419  0.53857238  0.550643836  1.996947451
153 -1.07834004 -0.547556475 -0.43772168  0.468957512 -0.094048008
154  0.50840572 -0.822404759 -0.53442598  0.282919148 -0.107484566
155 -1.12388683 -0.594605467 -0.47019357  0.815447582 -0.091679174
156  0.67322291  0.167124294 -0.78689579  1.368034126  0.998134260
157 -0.61291258 -0.701524723 -0.47937332  0.544915482 -0.176358537
158 -1.07834004 -0.547556475 -0.43772168  0.468957512 -0.094048008
159  0.44070295 -0.067006702 -0.54400975 -0.057154307  0.024559960
160  0.42372652 -0.948840162  0.84917970 -0.421557924 -0.041455122
161  0.56952296 -0.117689743 -0.57262925 -0.823375931 -0.317086448
162  0.49854963 -0.036782851 -0.74034566  0.366204126  0.555371391
163 -1.07267066  0.433961077 -0.45908812 -1.022476273 -0.362849298
164 -1.07834004 -0.547556475 -0.43772168  0.468957512 -0.094048008
165 -0.98724645 -0.453458493 -0.37277792 -0.224022626 -0.098785675
166 -1.01161553 -0.127729415 -0.39731585 -0.792597938 -0.352656295
167  0.58731477 -0.565442238 -0.48175118 -0.694348647 -0.239157543
168 -1.23214416  0.094518336  0.45403326 -1.216197940 -0.127928111
169 -1.05487884 -0.013791417 -0.36821006 -0.893448988 -0.284920393
170  0.58731477 -0.565442238 -0.48175118 -0.694348647 -0.239157543
171  0.22361361 -0.802307397  0.73265488  0.492106316  0.170298696
172 -1.01161553 -0.127729415 -0.39731585 -0.792597938 -0.352656295
173 -0.42317263  0.596025927 -0.55810345 -0.330526947 -1.720293500
174  0.44638118 -0.336697844 -0.73372510  1.411950627  0.081219782
175 -1.01161553 -0.127729415 -0.39731585 -0.792597938 -0.352656295
176 -1.24192829 -0.930954400  0.89320920  0.741748235  0.103654414
177  3.04089508  0.722429504 -0.59754009 -0.006869263 -2.070818192
178 -1.10478981  0.293854146 -0.28691577 -1.104495159 -0.074946962
179  0.42287120 -1.066249660  0.76876121  0.253746778 -0.122454631
180  0.49622118 -0.659540220 -0.54669495 -0.001368508 -0.234419876
181 -1.10235421 -0.247295656  0.36671588 -0.913644790 -0.331135817
182  0.52196728 -0.802438935 -0.43402251  0.197678946 -0.102158452
183  0.29109918  0.364671274 -0.51464176  2.322074756 -0.839321013
184  0.58731477 -0.565442238 -0.48175118 -0.694348647 -0.239157543
185 -1.31056360  1.063496055  0.21851029 -1.420089981  0.204877229
186  0.50840572 -0.822404759 -0.53442598  0.282919148 -0.107484566
187  1.04538378 -0.156303711 -0.47891344 -0.978463139  0.995357889
188 -1.10270912 -0.221827397 -0.46225962 -0.099617800 -0.347918628
189  0.98386530 -0.524649253 -0.51300845 -0.784952532 -0.090789206
190  0.50840572 -0.822404759 -0.53442598  0.282919148 -0.107484566
191 -0.83102457 -0.392442885  0.80086567  0.631351658 -0.457762290
192 -1.01161553 -0.127729415 -0.39731585 -0.792597938 -0.352656295
193 -0.78303812 -0.125077341 -0.37018978 -0.426857553  1.041813766
194 -0.89786350 -0.594179506 -0.46867112  0.433606638 -0.265522361
195 -0.94325365  1.543712238 -0.73333625  0.830495339  0.020254522
196  0.52034290  1.224876330  0.03733045 -0.118337168  0.544347390
197 -1.22266982  0.949516811 -0.41998571 -1.349984342 -0.022730177
198 -0.96142936  0.024583790  0.40760910 -1.269224251 -0.385139641
199  0.81607433  0.438658975 -0.56478410 -1.241487886  0.171401010
200  0.17185437  1.028228120 -0.77550413  0.728758255  0.615793216
 [ reached getOption("max.print") -- omitted 148 rows ]

   CinSeg ComVrb Ans ComAfec PrPers AmbT StrC ConsCl FRbr UsDirec EnfCond AFrSem CulFr OmLmVel IgPare
1       1      3   3       3      3    3    2      1    3       3       3      3     3       3      3
2       1      2   3       3      3    4    2      1    1       4       1      1     1       3      1
3       1      1   1       2      2    4    1      1    1       3       1      1     3       3      1
4       1      4   2       3      1    1    2      2    3       3       3      3     5       5      3
5       1      5   1       3      2    2    1      3    3       3       3      3     3       3      3
6       2      2   3       3      2    2    1      2    1       1       3      3     4       4      3
7       2      2   1       1      1    1    1      1    1       4       1      1     4       3      1
8       2      3   2       3      4    4    2      3    1       3       1      1     1       4      1
9       1      3   1       2      2    4    1      2    3       3       3      3     3       2      3
10      2      1   3       2      2    1    2      1    3       3       3      4     4       3      3
11      1      2   2       2      2    3    2      2    2       3       2      2     3       3      3
12      2      5   2       1      2    1    1      1    4       3       3      4     4       3      3
13      2      1   3       4      1    1    4      2    4       3       3      4     4       3      3
14      2      3   2       1      1    1    1      1    3       3       3      3     3       3      3
15      2      1   2       4      1    1    1      1    1       4       1      1     1       3      1
16      2      2   2       2      1    1    3      2    5       3       3      5     3       3      5
17      2      2   2       2      4    4    2      2    3       3       1      3     3       3      3
18      2      1   3       4      5    5    4      4    4       3       3      4     4       3      3
19      1      1   5       4      4    1    1      3    4       3       3      4     4       4      4
20      2      2   3       2      1    2    4      2    3       3       5      3     3       3      3
21      1      3   3       3      3    3    1      1    2       2       3      3     3       3      3
22      2      1   2       4      1    1    2      2    3       3       2      2     3       3      2
23      2      4   2       2      3    4    3      2    3       3       3      3     5       5      3
24      1      3   2       4      5    5    4      3    4       3       3      4     4       3      3
25      2      4   2       2      2    2    2      1    3       5       2      3     3       3      2
26      2      1   4       4      2    3    4      3    4       3       4      4     4       4      3
27      2      3   1       1      1    1    1      1    3       4       3      3     1       1      1
28      1      2   1       1      1    1    1      1    2       5       2      2     2       2      3
29      2      1   1       1      1    1    1      1    2       5       2      2     2       2      2
30      2      2   2       2      1    1    4      2    3       4       1      3     1       1      1
31      2      4   2       1      2    2    1      1    1       4       1      1     1       1      1
32      2      1   4       2      3    3    1      1    2       5       2      2     3       2      2
33      2      1   1       1      1    1    1      1    1       3       1      3     3       1      1
34      1      3   2       1      1    1    4      1    5       2       2      5     5       2      3
35      2      5   5       3      1    1    1      1    1       4       1      1     1       1      1
36      2      5   1       1      1    3    1      1    3       1       1      1     1       1      1
37      2      1   1       1      1    1    1      1    2       5       2      2     3       2      2
38      2      3   3       2      2    1    4      1    3       4       1      3     1       1      1
39      2      2   3       3      2    2    1      1    1       4       1      3     3       1      1
40      2      1   2       2      1    2    1      1    3       4       1      3     3       1      1
41      2      2   2       1      1    2    1      1    2       5       2      3     3       2      2
42      2      1   1       1      2    2    2      1    1       4       3      3     4       1      1
43      2      5   3       1      1    1    1      3    4       3       1      3     3       1      1
44      2      5   1       1      1    1    1      1    1       4       1      1     3       1      1
45      1      2   1       1      1    1    1      1    3       3       2      3     3       2      2
46      2      5   1       1      1    2    1      1    1       3       1      1     3       1      1
47      2      5   1       1      1    1    1      1    2       5       2      2     2       2      2
   UsoCel Factor1 Factor2 Factor3 Factor4 Factor5
1       2 0.56256 0.43742 0.48829 0.45315 0.32605
2       1 0.06076 0.48331 0.63349 0.48764 0.10995
3       1 0.10152 0.12067 0.58941 0.63639 0.20847
4       2 0.76077 0.40169 0.09325 0.51405 0.19717
5       5 0.69181 0.33774 0.32996 0.39714 0.20249
6       3 0.61214 0.41261 0.29650 0.59691 0.03088
7       1 0.20612 0.06646 0.10759 0.62093 0.25767
8       1 0.10447 0.47796 0.76792 0.46510 0.01776
9       2 0.54535 0.15717 0.57732 0.41739 0.40963
10      1 0.64306 0.36802 0.12623 0.62800 0.49860
11      2 0.47772 0.29322 0.44429 0.44326 0.18561
12      1 0.73503 0.18257 0.16788 0.26221 0.62649
13      3 0.66083 0.74797 0.00000 0.75225 0.47335
14      2 0.67942 0.18299 0.06957 0.33173 0.39896
15      1 0.13472 0.53119 0.04479 0.78209 0.00000
16      2 1.00000 0.42582 0.03775 0.36485 0.57432
17      3 0.46560 0.26469 0.73308 0.46822 0.38113
18      4 0.54468 0.65486 0.91264 0.76252 0.44883
19      3 0.81588 0.70088 0.29507 0.78208 0.18615
20      3 0.70575 0.51470 0.15968 0.39541 0.37701
21      2 0.54356 0.38353 0.50710 0.46084 0.21129
22      2 0.39185 0.58831 0.03652 0.82434 0.22750
23      2 0.67603 0.24748 0.65796 0.36878 0.31904
24      4 0.56662 0.54503 0.94238 0.60011 0.49141
25      2 0.48035 0.30118 0.27567 0.40788 0.45625
26      1 0.67228 0.79558 0.35603 0.70227 0.40301
27      1 0.32897 0.22220 0.06755 0.39045 0.67696
28      2 0.52086 0.07347 0.09326 0.41752 0.25818
29      2 0.39420 0.08967 0.07085 0.56466 0.34424
30      1 0.17257 0.64356 0.04561 0.45109 0.69418
31      1 0.06899 0.24997 0.30828 0.26947 0.32237
32      2 0.29981 0.33266 0.45927 0.63824 0.29031
33      1 0.17002 0.15332 0.09404 0.64482 0.56421
34      2 0.67986 0.40039 0.06251 0.33409 1.00000
35      1 0.06745 0.76222 0.02184 0.30798 0.15013
36      1 0.10075 0.27323 0.35766 0.09226 0.54801
37      2 0.39660 0.05729 0.07292 0.63031 0.36596
38      1 0.15921 0.67840 0.11578 0.35409 0.71800
39      1 0.11143 0.46616 0.26222 0.73111 0.41794
40      1 0.18588 0.33056 0.16920 0.70913 0.66579
41      2 0.43101 0.14126 0.19174 0.48996 0.44808
42      1 0.22533 0.08101 0.30308 0.71960 0.60739
43      3 0.30739 0.50450 0.07485 0.27617 0.72232
44      1 0.12073 0.14937 0.11108 0.35321 0.36664
45      2 0.46096 0.14462 0.09438 0.47951 0.57317
46      1 0.09442 0.14825 0.24467 0.30196 0.38191
47      2 0.42999 0.12710 0.09273 0.24459 0.34261
 [ reached 'max' / getOption("max.print") -- omitted 301 rows ]
